1003
091f
1002
0000
3098
1003
091e
1002
0000
3098
1003
091d
1002
0380
3098
1003
091c
1002
07c0
3098
1003
091b
1002
0fe0
3098
1003
091a
1002
1ff0
3098
1003
0919
1002
3ff8
3098
1003
0918
1002
7ffc
3098
1003
0917
1002
7ffc
3098
1003
0916
1002
7ffc
3098
1003
0915
1002
3ff8
3098
1003
0914
1002
1ff0
3098
1003
0913
1002
0fe0
3098
1003
0912
1002
07c0
3098
1003
0911
1002
0380
3098
1003
0910
1002
0000
3098
1003
092f
1002
01c0
3098
1003
092e
1002
07f0
3098
1003
092d
1002
03e0
3098
1003
092c
1002
01c0
3098
1003
092b
1002
01c0
3098
1003
092a
1002
01c0
3098
1003
0929
1002
01c0
3098
1003
0928
1002
1ffc
3098
1003
0927
1002
0ff8
3098
1003
0926
1002
07f0
3098
1003
0925
1002
03e0
3098
1003
0924
1002
01c0
3098
1003
0923
1002
01c0
3098
1003
0922
1002
01c0
3098
1003
0921
1002
01c0
3098
1003
0920
1002
0080
3098
1002
017c
2012
1003
0905
3098
1002
017d
2012
1003
0906
3098
1002
017e
2012
1003
0903
3098
1002
017f
2012
1003
0904
3098
1005
0001
1006
0001
1007
01e0
1000
01f2
1001
012e
3040
1000
01f3
1001
00ca
3040
c000
5fff
1000
0907
2000
5000
1001
0001
734a
400f
1001
0002
734a
4001
5055
1000
0903
2000
1001
0014
720a
1000
0903
3080
500a
1000
0903
2000
1001
0014
700a
1000
0903
3080
5000
1000
0903
2000
1001
0000
720a
4008
1001
026c
720a
4001
5006
1005
0002
5003
1005
0001
5000
1001
0001
738a
400f
1001
0002
738a
4001
5026
1000
0904
2000
1001
000a
700a
1000
0904
3080
500a
1000
0904
2000
1001
000a
720a
1000
0904
3080
5000
1000
0904
2000
1001
0000
720a
4008
1001
01cc
720a
4001
5006
1006
0001
5003
1006
0002
5000
c000
e000
1000
0902
2000
1001
001c
720a
400d
1001
0023
720a
4017
1001
001d
720a
4021
1001
001b
720a
402b
5038
1001
0905
2009
1002
0004
7251
1002
fffc
7252
402e
1002
0905
3050
502a
1001
0905
2009
1002
0004
7051
1002
0274
7252
4020
1002
0905
3050
501c
1001
0906
2009
1002
0004
7251
1002
fffc
7252
4012
1002
0906
3050
500e
1001
0906
2009
1002
0004
7051
1002
01d4
7252
4004
1002
0906
3050
5000
c000
e000
0140
00f0
0140
00f0
